id:0 
 fitness: 0 
 weights: [-0.66 -0.5   0.52 -0.34  0.37  0.93 -0.67 -0.98 -0.4   0.22  0.4  -0.03
 -0.44  0.29  0.09  0.69] 

id:1 
 fitness: 0 
 weights: [-0.73  0.82 -0.67  0.59  0.23  0.59  0.63 -0.32 -0.85 -0.42  0.19 -0.27
  0.03  0.01 -0.49  0.05] 

id:2 
 fitness: 0 
 weights: [ 0.05 -0.57 -0.98 -0.38  0.44  0.11 -0.32 -0.08 -0.99 -0.6   0.12 -0.39
  0.35 -0.77 -0.09 -0.6 ] 

id:3 
 fitness: 0 
 weights: [ 0.61 -0.84 -0.28 -0.15 -0.63 -0.25 -0.03  0.11  0.84 -0.64  0.77 -0.97
  0.96 -0.36 -0.75 -0.89] 

id:4 
 fitness: 0 
 weights: [-0.7   0.02  0.03  0.27  0.07 -0.67 -0.16  0.53 -0.28 -0.97 -0.11  0.49
  0.61  0.35  0.09  0.58] 

id:5 
 fitness: 0 
 weights: [-0.88  0.86  0.04 -0.43  0.62 -0.76 -0.59 -0.41  0.74 -0.77 -0.07 -0.53
  0.04 -0.2  -0.5  -0.36] 

id:6 
 fitness: 0 
 weights: [ 2.0000000e-02 -7.3000000e-01  8.8817842e-16 -9.3000000e-01
  3.1000000e-01 -6.2000000e-01 -1.9000000e-01  9.4000000e-01
 -4.0000000e-01  7.6000000e-01 -7.2000000e-01  5.4000000e-01
  8.4000000e-01 -9.3000000e-01 -7.3000000e-01 -2.1000000e-01] 

id:7 
 fitness: 0 
 weights: [ 0.49 -0.91 -0.48 -0.28 -0.43  0.49  0.07 -0.46 -0.76 -0.17  0.32  0.81
 -0.49 -0.27 -0.18 -0.27] 

id:8 
 fitness: 0 
 weights: [ 0.11 -0.5  -0.37  0.2   0.44  0.47 -0.26  0.14 -0.59 -0.59 -0.05  0.58
  0.84  0.38  0.73  0.89] 

id:9 
 fitness: 0 
 weights: [-0.26  0.98 -0.94  0.21 -0.07 -0.19 -0.88  0.31 -0.17 -0.16  0.62  0.3
  0.15  0.58 -0.47  0.68] 

id:10 
 fitness: 0 
 weights: [-0.19 -0.98  0.08  0.27  0.27 -0.57 -0.22  0.09  0.19  0.99 -0.53 -0.16
  0.08 -0.72  0.6  -0.51] 

id:11 
 fitness: 0 
 weights: [ 0.94  0.85  0.71  0.04  0.95 -0.7  -0.47  0.19  0.33 -0.89 -0.13 -0.99
  0.44  0.45 -0.05 -0.04] 

id:12 
 fitness: 0 
 weights: [-0.2   0.39  0.1  -0.95  0.53  0.73 -0.22 -0.92  0.75 -0.26  0.04 -0.9
  0.62  0.11 -0.53  0.17] 

id:13 
 fitness: 0 
 weights: [ 0.91  0.19  0.52  0.01  0.85  0.27  0.69  0.05 -0.34  0.87 -0.63 -0.49
 -0.24 -0.63 -0.25 -0.54] 

id:14 
 fitness: 0 
 weights: [-0.14  0.7   0.15  0.94  0.08 -0.04  0.59  0.27  0.32  0.92  0.93 -0.55
  0.5   0.88 -0.68  0.3 ] 

id:15 
 fitness: 0 
 weights: [-0.69  0.55  0.15  0.82  0.41 -0.81 -0.1  -0.82 -0.44  0.45 -0.32  0.93
 -0.33  0.91  0.56 -0.52] 

id:16 
 fitness: 0 
 weights: [ 0.49 -0.54 -0.54  0.47  0.62 -0.24  0.09  0.89 -0.1   0.08  0.03 -0.06
  0.17  0.45 -0.8   0.98] 

id:17 
 fitness: 0 
 weights: [-0.08  0.39 -0.44  0.62 -0.22  0.83  0.71  0.29 -0.04  0.17  0.29 -0.9
 -0.04 -0.17 -0.56  0.62] 

id:18 
 fitness: 0 
 weights: [ 0.32  0.13 -0.95 -0.4   0.61  0.62  0.98  0.65  0.8   0.93  0.46  0.3
  0.87 -0.78  0.82 -0.23] 

id:19 
 fitness: 0 
 weights: [-0.54 -0.21  0.24  0.14 -0.16 -0.89 -0.62 -0.83 -0.11 -0.74 -0.65  0.08
  0.17  0.91  0.01 -0.48] 

id:20 
 fitness: 0 
 weights: [-0.31  0.62 -0.93 -0.91  0.56  0.07 -0.67  0.67  0.42 -0.96 -0.94 -0.66
 -0.2   0.26  0.26  0.52] 

id:21 
 fitness: 0 
 weights: [-0.95 -0.14 -0.18  0.42 -0.03 -0.23 -0.16 -0.11 -0.35  0.3   0.81  0.02
  0.62  0.48 -0.3   0.95] 

id:22 
 fitness: 0 
 weights: [ 8.8817842e-16 -1.1000000e-01 -8.1000000e-01  8.3000000e-01
  7.0000000e-01 -7.0000000e-02 -6.2000000e-01 -7.7000000e-01
 -6.8000000e-01  6.3000000e-01 -8.0000000e-02 -8.9000000e-01
  9.8000000e-01  6.9000000e-01 -7.2000000e-01 -9.4000000e-01] 

id:23 
 fitness: 0 
 weights: [-1.    0.94 -0.3   0.03 -0.89  0.63 -0.09 -0.8  -0.07  0.51 -0.96 -0.82
 -0.75  0.44 -0.1   0.6 ] 

id:24 
 fitness: 0 
 weights: [-0.06  0.36  0.29 -0.95 -0.14  0.66  0.92  0.37  0.91 -0.55  0.83 -0.96
 -0.26  0.32 -0.38 -0.33] 

id:25 
 fitness: 0 
 weights: [-0.09  0.37  0.68  0.75  0.26  0.84 -0.17  0.12 -0.25  0.96  0.97  0.24
  0.74 -1.    0.42 -0.92] 

id:26 
 fitness: 0 
 weights: [ 0.46  0.34 -0.77 -0.24  0.67 -0.97  0.45  0.95  0.87  0.37  0.59  0.82
 -0.31 -0.8  -0.99  0.29] 

id:27 
 fitness: 0 
 weights: [-0.82 -0.85  0.91 -0.36 -0.46 -0.95  0.8   0.49 -0.9   0.09 -0.34 -0.64
  0.18 -0.07 -0.47 -0.75] 

id:28 
 fitness: 0 
 weights: [ 0.15 -0.76 -0.26  0.94 -0.45  0.28  0.73  0.33 -0.62  0.9   0.47  0.81
 -0.59 -0.78  0.12  0.92] 

id:29 
 fitness: 0 
 weights: [ 0.52 -0.96  0.13 -0.68  0.46  0.04 -0.03  0.07  0.39  0.87  0.32  0.4
 -0.98  0.58 -0.12 -0.51] 

id:30 
 fitness: 0 
 weights: [-0.08 -0.46  0.14 -0.34 -0.4  -0.81  0.05 -0.69 -0.77  0.42 -0.82  0.08
  0.86 -0.86  0.08 -0.88] 

id:31 
 fitness: 0 
 weights: [-2.8000000e-01  9.7000000e-01  2.7000000e-01 -5.1000000e-01
  9.9000000e-01  3.5000000e-01 -2.7000000e-01  8.1000000e-01
 -1.4000000e-01  5.6000000e-01  8.8817842e-16  1.1000000e-01
  5.2000000e-01 -7.4000000e-01 -6.1000000e-01  9.4000000e-01] 

id:32 
 fitness: 0 
 weights: [-2.0000000e-01  7.7000000e-01  5.6000000e-01 -6.9000000e-01
 -2.3000000e-01  7.7000000e-01 -9.4000000e-01  9.1000000e-01
 -2.2000000e-01 -7.7000000e-01 -8.5000000e-01 -2.9000000e-01
  8.8817842e-16  9.2000000e-01  4.2000000e-01 -8.0000000e-02] 

id:33 
 fitness: 0 
 weights: [-0.93 -0.26 -0.09 -0.06 -0.61 -0.15 -0.33 -0.51 -0.1  -0.83 -0.87  0.33
  0.72 -0.14 -0.65  0.63] 

id:34 
 fitness: 0 
 weights: [ 0.57  0.66 -0.86 -0.58  0.57  0.21 -0.9   0.87 -0.31 -0.06  0.94  0.79
  0.26 -0.37 -0.01 -0.29] 

id:35 
 fitness: 0 
 weights: [ 0.19  0.47 -1.    0.96 -0.65 -0.56  0.59  0.91  0.68 -0.83 -0.67  0.3
 -0.49  0.91  0.41  0.09] 

id:36 
 fitness: 0 
 weights: [ 0.98  0.58 -0.26 -0.01 -0.69 -0.95 -0.29  0.01 -0.28  0.82  0.62  0.72
 -0.14 -0.62 -0.69 -0.54] 

id:37 
 fitness: 0 
 weights: [-6.0000000e-01 -6.7000000e-01  1.1000000e-01 -7.6000000e-01
 -7.3000000e-01  5.8000000e-01 -2.5000000e-01 -2.1000000e-01
  3.7000000e-01  4.8000000e-01 -1.7000000e-01 -5.0000000e-02
 -7.4000000e-01  5.8000000e-01 -2.3000000e-01  8.8817842e-16] 

id:38 
 fitness: 0 
 weights: [ 0.8   0.88 -0.4  -0.83 -0.25 -0.29 -0.16 -0.62 -0.73 -0.08 -0.56 -0.54
 -0.54 -0.53 -0.15 -0.24] 

id:39 
 fitness: 0 
 weights: [ 0.2   0.55 -0.6  -0.49 -0.64  0.96  0.62 -0.42 -0.09  0.05  0.66  0.21
  0.59 -0.67 -0.28  0.99] 

id:40 
 fitness: 0 
 weights: [-0.5   0.95 -0.75 -0.22  0.24 -0.53 -0.45 -0.06  0.6   0.59  0.73  0.87
 -0.74  0.52 -0.66 -0.87] 

id:41 
 fitness: 0 
 weights: [-0.55 -0.22 -0.59  0.53 -0.01 -0.98  0.9  -0.77 -0.52 -0.91 -0.63 -0.27
 -0.37  0.67  0.32  0.97] 

id:42 
 fitness: 0 
 weights: [-0.09 -0.37  0.7   0.27 -0.7  -0.84 -0.96  0.67 -0.76  0.1  -0.65 -0.03
  0.12  0.89 -0.58  0.22] 

id:43 
 fitness: 0 
 weights: [ 0.42 -0.37 -0.62  0.89 -0.49 -0.88  0.41 -0.94 -0.17  0.92  0.93 -0.67
 -0.31  0.11 -0.52 -0.9 ] 

id:44 
 fitness: 0 
 weights: [-0.53  0.97 -0.3   0.42  0.69  0.82 -0.23  0.56 -0.13  0.12  0.53  0.85
  0.1  -0.33  0.49 -0.76] 

id:45 
 fitness: 0 
 weights: [-0.74 -0.55 -0.61  0.34  0.99 -0.41  0.27 -0.2   0.01  0.08  0.53 -0.64
  0.91 -0.98 -0.64 -0.04] 

id:46 
 fitness: 0 
 weights: [ 0.7   0.83  0.61  0.36 -0.73  0.25 -0.74  0.87  0.97 -0.98 -0.66 -0.14
  0.87 -0.66 -0.9  -0.35] 

id:47 
 fitness: 0 
 weights: [-0.53  0.54  0.85 -0.58  0.79 -0.94  0.18  0.43 -0.91 -0.74 -0.01  0.1
  0.52 -0.71  0.86  0.47] 

id:48 
 fitness: 0 
 weights: [ 0.22 -0.06  0.36 -0.86  0.13  0.57  0.57  0.43 -0.32 -0.62 -0.34  0.59
 -0.64  0.14  0.34 -0.49] 

id:49 
 fitness: 0 
 weights: [ 0.31  0.17  0.98 -0.5  -0.17  0.67 -0.23 -0.86  0.14  0.89  0.39 -0.42
 -0.69  0.33 -0.16  0.69] 

